[app/ui]
version = 6.4.2
modtime = 1485349989.853745100

[app/launcher]
version = 6.4.2
modtime = 1485349989.864745300
